-0.5702337463545245
-1.3226105681235576
-0.7774118368774204
-0.9312081302730317
-0.5304037455450802
-0.7053416102839364
-0.09956443072619667
0.23042100899479007
-0.4390433833434611
-0.5170518598865217
-0.7579526156205236
-0.03328935691448833
-0.3559552187965048
-0.21994686329993432
-0.515393727125988
-1.0023238788718833
-0.5742497721679184
-0.5573799678840788
-0.6220428525153282
-0.6894892525172629
-0.5060432810453167
-0.14013578669718266
-0.38262037685713673
-0.15918592307545312
-0.5882978202641211
-0.5225209176877565
-0.6056498969502827
-0.2132623331622837
-0.09932928408924163
-0.6471501759022521
-0.7224821255101147
-0.90241503121
-0.7812943069730005
-0.6833090676285649
-0.7097257595893567